{
 "cells": [
  {
   "cell_type": "markdown",
   "id": "f7adcd4a-3693-49e6-ae2d-c0aad4b588d2",
   "metadata": {},
   "source": [
    "# **Q1 Perform the regression analysis using the Boston Housing dataset**"
   ]
  },
  {
   "cell_type": "markdown",
   "id": "0c991bce-fd90-44d4-8a04-cf3b74150896",
   "metadata": {},
   "source": [
    "# Task 1: Data Exploration and Preprocessing\n",
    "\n",
    "• Exploratory Data Analysis (EDA): Perform a comprehensive EDA on the Boston Housing\n",
    "dataset. Visualize the distribution of the target variable and important features using histograms,\n",
    "box plots, and scatter plots."
   ]
  },
  {
   "cell_type": "code",
   "execution_count": 3,
   "id": "8dc22432",
   "metadata": {},
   "outputs": [],
   "source": [
    "# Import necessary libraries\n",
    "import numpy as np\n",
    "import pandas as pd\n",
    "import matplotlib.pyplot as plt\n",
    "from sklearn.model_selection import train_test_split\n",
    "from sklearn.linear_model import LinearRegression, RidgeCV, LassoCV\n",
    "from sklearn.metrics import mean_squared_error, r2_score\n",
    "from sklearn.preprocessing import StandardScaler, RobustScaler\n",
    "import statsmodels.api as sm\n",
    "import seaborn as sns"
   ]
  },
  {
   "cell_type": "code",
   "execution_count": 4,
   "id": "5aaf4c68-9c2b-468f-acaf-560bb7a15d7c",
   "metadata": {},
   "outputs": [
    {
     "data": {
      "text/html": [
       "<div>\n",
       "<style scoped>\n",
       "    .dataframe tbody tr th:only-of-type {\n",
       "        vertical-align: middle;\n",
       "    }\n",
       "\n",
       "    .dataframe tbody tr th {\n",
       "        vertical-align: top;\n",
       "    }\n",
       "\n",
       "    .dataframe thead th {\n",
       "        text-align: right;\n",
       "    }\n",
       "</style>\n",
       "<table border=\"1\" class=\"dataframe\">\n",
       "  <thead>\n",
       "    <tr style=\"text-align: right;\">\n",
       "      <th></th>\n",
       "      <th>CRIM</th>\n",
       "      <th>ZN</th>\n",
       "      <th>INDUS</th>\n",
       "      <th>CHAS</th>\n",
       "      <th>NOX</th>\n",
       "      <th>RM</th>\n",
       "      <th>AGE</th>\n",
       "      <th>DIS</th>\n",
       "      <th>RAD</th>\n",
       "      <th>TAX</th>\n",
       "      <th>PTRATIO</th>\n",
       "      <th>B</th>\n",
       "      <th>LSTAT</th>\n",
       "      <th>MEDV</th>\n",
       "    </tr>\n",
       "  </thead>\n",
       "  <tbody>\n",
       "    <tr>\n",
       "      <th>0</th>\n",
       "      <td>0.00632</td>\n",
       "      <td>18.0</td>\n",
       "      <td>2.31</td>\n",
       "      <td>0.0</td>\n",
       "      <td>0.538</td>\n",
       "      <td>6.575</td>\n",
       "      <td>65.2</td>\n",
       "      <td>4.0900</td>\n",
       "      <td>1</td>\n",
       "      <td>296</td>\n",
       "      <td>15.3</td>\n",
       "      <td>396.90</td>\n",
       "      <td>4.98</td>\n",
       "      <td>24.0</td>\n",
       "    </tr>\n",
       "    <tr>\n",
       "      <th>1</th>\n",
       "      <td>0.02731</td>\n",
       "      <td>0.0</td>\n",
       "      <td>7.07</td>\n",
       "      <td>0.0</td>\n",
       "      <td>0.469</td>\n",
       "      <td>6.421</td>\n",
       "      <td>78.9</td>\n",
       "      <td>4.9671</td>\n",
       "      <td>2</td>\n",
       "      <td>242</td>\n",
       "      <td>17.8</td>\n",
       "      <td>396.90</td>\n",
       "      <td>9.14</td>\n",
       "      <td>21.6</td>\n",
       "    </tr>\n",
       "    <tr>\n",
       "      <th>2</th>\n",
       "      <td>0.02729</td>\n",
       "      <td>0.0</td>\n",
       "      <td>7.07</td>\n",
       "      <td>0.0</td>\n",
       "      <td>0.469</td>\n",
       "      <td>7.185</td>\n",
       "      <td>61.1</td>\n",
       "      <td>4.9671</td>\n",
       "      <td>2</td>\n",
       "      <td>242</td>\n",
       "      <td>17.8</td>\n",
       "      <td>392.83</td>\n",
       "      <td>4.03</td>\n",
       "      <td>34.7</td>\n",
       "    </tr>\n",
       "    <tr>\n",
       "      <th>3</th>\n",
       "      <td>0.03237</td>\n",
       "      <td>0.0</td>\n",
       "      <td>2.18</td>\n",
       "      <td>0.0</td>\n",
       "      <td>0.458</td>\n",
       "      <td>6.998</td>\n",
       "      <td>45.8</td>\n",
       "      <td>6.0622</td>\n",
       "      <td>3</td>\n",
       "      <td>222</td>\n",
       "      <td>18.7</td>\n",
       "      <td>394.63</td>\n",
       "      <td>2.94</td>\n",
       "      <td>33.4</td>\n",
       "    </tr>\n",
       "    <tr>\n",
       "      <th>4</th>\n",
       "      <td>0.06905</td>\n",
       "      <td>0.0</td>\n",
       "      <td>2.18</td>\n",
       "      <td>0.0</td>\n",
       "      <td>0.458</td>\n",
       "      <td>7.147</td>\n",
       "      <td>54.2</td>\n",
       "      <td>6.0622</td>\n",
       "      <td>3</td>\n",
       "      <td>222</td>\n",
       "      <td>18.7</td>\n",
       "      <td>396.90</td>\n",
       "      <td>NaN</td>\n",
       "      <td>36.2</td>\n",
       "    </tr>\n",
       "  </tbody>\n",
       "</table>\n",
       "</div>"
      ],
      "text/plain": [
       "      CRIM    ZN  INDUS  CHAS    NOX     RM   AGE     DIS  RAD  TAX  PTRATIO  \\\n",
       "0  0.00632  18.0   2.31   0.0  0.538  6.575  65.2  4.0900    1  296     15.3   \n",
       "1  0.02731   0.0   7.07   0.0  0.469  6.421  78.9  4.9671    2  242     17.8   \n",
       "2  0.02729   0.0   7.07   0.0  0.469  7.185  61.1  4.9671    2  242     17.8   \n",
       "3  0.03237   0.0   2.18   0.0  0.458  6.998  45.8  6.0622    3  222     18.7   \n",
       "4  0.06905   0.0   2.18   0.0  0.458  7.147  54.2  6.0622    3  222     18.7   \n",
       "\n",
       "        B  LSTAT  MEDV  \n",
       "0  396.90   4.98  24.0  \n",
       "1  396.90   9.14  21.6  \n",
       "2  392.83   4.03  34.7  \n",
       "3  394.63   2.94  33.4  \n",
       "4  396.90    NaN  36.2  "
      ]
     },
     "execution_count": 4,
     "metadata": {},
     "output_type": "execute_result"
    }
   ],
   "source": [
    "# Load the HousingData.csv dataset\n",
    "df_housing = pd.read_csv('HousingData.csv')\n",
    "df_housing.head()"
   ]
  },
  {
   "cell_type": "code",
   "execution_count": 5,
   "id": "55f4174a-a2cf-48b9-952f-7c66f0679a8f",
   "metadata": {},
   "outputs": [
    {
     "name": "stdout",
     "output_type": "stream",
     "text": [
      "Shape: (506, 14)\n",
      "\n",
      "Info:\n",
      "<class 'pandas.core.frame.DataFrame'>\n",
      "RangeIndex: 506 entries, 0 to 505\n",
      "Data columns (total 14 columns):\n",
      " #   Column   Non-Null Count  Dtype  \n",
      "---  ------   --------------  -----  \n",
      " 0   CRIM     486 non-null    float64\n",
      " 1   ZN       486 non-null    float64\n",
      " 2   INDUS    486 non-null    float64\n",
      " 3   CHAS     486 non-null    float64\n",
      " 4   NOX      506 non-null    float64\n",
      " 5   RM       506 non-null    float64\n",
      " 6   AGE      486 non-null    float64\n",
      " 7   DIS      506 non-null    float64\n",
      " 8   RAD      506 non-null    int64  \n",
      " 9   TAX      506 non-null    int64  \n",
      " 10  PTRATIO  506 non-null    float64\n",
      " 11  B        506 non-null    float64\n",
      " 12  LSTAT    486 non-null    float64\n",
      " 13  MEDV     506 non-null    float64\n",
      "dtypes: float64(12), int64(2)\n",
      "memory usage: 55.5 KB\n"
     ]
    }
   ],
   "source": [
    "#Providing information of our dataset\n",
    "print(\"Shape:\",df_housing.shape)\n",
    "print(\"\\nInfo:\")\n",
    "df_housing.info()"
   ]
  },
  {
   "cell_type": "code",
   "execution_count": 6,
   "id": "0b8432f8-37e9-446f-8f7d-65367279d1ba",
   "metadata": {},
   "outputs": [
    {
     "name": "stdout",
     "output_type": "stream",
     "text": [
      "CRIM: True\n",
      "ZN: True\n",
      "INDUS: True\n",
      "CHAS: True\n",
      "NOX: False\n",
      "RM: False\n",
      "AGE: True\n",
      "DIS: False\n",
      "RAD: False\n",
      "TAX: False\n",
      "PTRATIO: False\n",
      "B: False\n",
      "LSTAT: True\n",
      "MEDV: False\n"
     ]
    }
   ],
   "source": [
    "#Check for null values\n",
    "for i in df_housing.columns:\n",
    "    print(f\"{i}: {df_housing[i].isnull().any()}\")"
   ]
  },
  {
   "cell_type": "code",
   "execution_count": 11,
   "id": "5ff5c341-5aaa-494d-a547-7a04559821df",
   "metadata": {},
   "outputs": [],
   "source": [
    "#Replacing all the null values with median \n",
    "df_housing_final = df_housing.copy()\n",
    "for cli in df_housing.columns:\n",
    "    med = df_housing[cli].median()\n",
    "    df_housing_final[cli]= df_housing[cli].fillna(med)"
   ]
  },
  {
   "cell_type": "code",
   "execution_count": 273,
   "id": "fc3959fb-0e51-4834-b59c-fa04dcb9aa1c",
   "metadata": {},
   "outputs": [
    {
     "name": "stdout",
     "output_type": "stream",
     "text": [
      "CRIM: False\n",
      "ZN: False\n",
      "INDUS: False\n",
      "CHAS: False\n",
      "NOX: False\n",
      "RM: False\n",
      "AGE: False\n",
      "DIS: False\n",
      "RAD: False\n",
      "TAX: False\n",
      "PTRATIO: False\n",
      "B: False\n",
      "LSTAT: False\n",
      "MEDV: False\n"
     ]
    }
   ],
   "source": [
    "#verify if there are no missing values\n",
    "for i in df_housing_final.columns:\n",
    "    print(f\"{i}: {df_housing_final[i].isnull().any()}\")"
   ]
  },
  {
   "cell_type": "code",
   "execution_count": 275,
   "id": "b76b24da-7d1f-4f97-9b43-c761df0c9a01",
   "metadata": {},
   "outputs": [
    {
     "data": {
      "text/html": [
       "<div>\n",
       "<style scoped>\n",
       "    .dataframe tbody tr th:only-of-type {\n",
       "        vertical-align: middle;\n",
       "    }\n",
       "\n",
       "    .dataframe tbody tr th {\n",
       "        vertical-align: top;\n",
       "    }\n",
       "\n",
       "    .dataframe thead th {\n",
       "        text-align: right;\n",
       "    }\n",
       "</style>\n",
       "<table border=\"1\" class=\"dataframe\">\n",
       "  <thead>\n",
       "    <tr style=\"text-align: right;\">\n",
       "      <th></th>\n",
       "      <th>CRIM</th>\n",
       "      <th>ZN</th>\n",
       "      <th>INDUS</th>\n",
       "      <th>CHAS</th>\n",
       "      <th>NOX</th>\n",
       "      <th>RM</th>\n",
       "      <th>AGE</th>\n",
       "      <th>DIS</th>\n",
       "      <th>RAD</th>\n",
       "      <th>TAX</th>\n",
       "      <th>PTRATIO</th>\n",
       "      <th>B</th>\n",
       "      <th>LSTAT</th>\n",
       "      <th>MEDV</th>\n",
       "    </tr>\n",
       "  </thead>\n",
       "  <tbody>\n",
       "    <tr>\n",
       "      <th>count</th>\n",
       "      <td>506.000000</td>\n",
       "      <td>506.000000</td>\n",
       "      <td>506.000000</td>\n",
       "      <td>506.000000</td>\n",
       "      <td>506.000000</td>\n",
       "      <td>506.000000</td>\n",
       "      <td>506.000000</td>\n",
       "      <td>506.000000</td>\n",
       "      <td>506.000000</td>\n",
       "      <td>506.000000</td>\n",
       "      <td>506.000000</td>\n",
       "      <td>506.000000</td>\n",
       "      <td>506.000000</td>\n",
       "      <td>506.000000</td>\n",
       "    </tr>\n",
       "    <tr>\n",
       "      <th>mean</th>\n",
       "      <td>3.479140</td>\n",
       "      <td>10.768775</td>\n",
       "      <td>11.028893</td>\n",
       "      <td>0.067194</td>\n",
       "      <td>0.554695</td>\n",
       "      <td>6.284634</td>\n",
       "      <td>68.845850</td>\n",
       "      <td>3.795043</td>\n",
       "      <td>9.549407</td>\n",
       "      <td>408.237154</td>\n",
       "      <td>18.455534</td>\n",
       "      <td>356.674032</td>\n",
       "      <td>12.664625</td>\n",
       "      <td>22.532806</td>\n",
       "    </tr>\n",
       "    <tr>\n",
       "      <th>std</th>\n",
       "      <td>8.570832</td>\n",
       "      <td>23.025124</td>\n",
       "      <td>6.704679</td>\n",
       "      <td>0.250605</td>\n",
       "      <td>0.115878</td>\n",
       "      <td>0.702617</td>\n",
       "      <td>27.486962</td>\n",
       "      <td>2.105710</td>\n",
       "      <td>8.707259</td>\n",
       "      <td>168.537116</td>\n",
       "      <td>2.164946</td>\n",
       "      <td>91.294864</td>\n",
       "      <td>7.017219</td>\n",
       "      <td>9.197104</td>\n",
       "    </tr>\n",
       "    <tr>\n",
       "      <th>min</th>\n",
       "      <td>0.006320</td>\n",
       "      <td>0.000000</td>\n",
       "      <td>0.460000</td>\n",
       "      <td>0.000000</td>\n",
       "      <td>0.385000</td>\n",
       "      <td>3.561000</td>\n",
       "      <td>2.900000</td>\n",
       "      <td>1.129600</td>\n",
       "      <td>1.000000</td>\n",
       "      <td>187.000000</td>\n",
       "      <td>12.600000</td>\n",
       "      <td>0.320000</td>\n",
       "      <td>1.730000</td>\n",
       "      <td>5.000000</td>\n",
       "    </tr>\n",
       "    <tr>\n",
       "      <th>25%</th>\n",
       "      <td>0.083235</td>\n",
       "      <td>0.000000</td>\n",
       "      <td>5.190000</td>\n",
       "      <td>0.000000</td>\n",
       "      <td>0.449000</td>\n",
       "      <td>5.885500</td>\n",
       "      <td>45.925000</td>\n",
       "      <td>2.100175</td>\n",
       "      <td>4.000000</td>\n",
       "      <td>279.000000</td>\n",
       "      <td>17.400000</td>\n",
       "      <td>375.377500</td>\n",
       "      <td>7.230000</td>\n",
       "      <td>17.025000</td>\n",
       "    </tr>\n",
       "    <tr>\n",
       "      <th>50%</th>\n",
       "      <td>0.253715</td>\n",
       "      <td>0.000000</td>\n",
       "      <td>9.690000</td>\n",
       "      <td>0.000000</td>\n",
       "      <td>0.538000</td>\n",
       "      <td>6.208500</td>\n",
       "      <td>76.800000</td>\n",
       "      <td>3.207450</td>\n",
       "      <td>5.000000</td>\n",
       "      <td>330.000000</td>\n",
       "      <td>19.050000</td>\n",
       "      <td>391.440000</td>\n",
       "      <td>11.430000</td>\n",
       "      <td>21.200000</td>\n",
       "    </tr>\n",
       "    <tr>\n",
       "      <th>75%</th>\n",
       "      <td>2.808720</td>\n",
       "      <td>0.000000</td>\n",
       "      <td>18.100000</td>\n",
       "      <td>0.000000</td>\n",
       "      <td>0.624000</td>\n",
       "      <td>6.623500</td>\n",
       "      <td>93.575000</td>\n",
       "      <td>5.188425</td>\n",
       "      <td>24.000000</td>\n",
       "      <td>666.000000</td>\n",
       "      <td>20.200000</td>\n",
       "      <td>396.225000</td>\n",
       "      <td>16.570000</td>\n",
       "      <td>25.000000</td>\n",
       "    </tr>\n",
       "    <tr>\n",
       "      <th>max</th>\n",
       "      <td>88.976200</td>\n",
       "      <td>100.000000</td>\n",
       "      <td>27.740000</td>\n",
       "      <td>1.000000</td>\n",
       "      <td>0.871000</td>\n",
       "      <td>8.780000</td>\n",
       "      <td>100.000000</td>\n",
       "      <td>12.126500</td>\n",
       "      <td>24.000000</td>\n",
       "      <td>711.000000</td>\n",
       "      <td>22.000000</td>\n",
       "      <td>396.900000</td>\n",
       "      <td>37.970000</td>\n",
       "      <td>50.000000</td>\n",
       "    </tr>\n",
       "  </tbody>\n",
       "</table>\n",
       "</div>"
      ],
      "text/plain": [
       "             CRIM          ZN       INDUS        CHAS         NOX          RM  \\\n",
       "count  506.000000  506.000000  506.000000  506.000000  506.000000  506.000000   \n",
       "mean     3.479140   10.768775   11.028893    0.067194    0.554695    6.284634   \n",
       "std      8.570832   23.025124    6.704679    0.250605    0.115878    0.702617   \n",
       "min      0.006320    0.000000    0.460000    0.000000    0.385000    3.561000   \n",
       "25%      0.083235    0.000000    5.190000    0.000000    0.449000    5.885500   \n",
       "50%      0.253715    0.000000    9.690000    0.000000    0.538000    6.208500   \n",
       "75%      2.808720    0.000000   18.100000    0.000000    0.624000    6.623500   \n",
       "max     88.976200  100.000000   27.740000    1.000000    0.871000    8.780000   \n",
       "\n",
       "              AGE         DIS         RAD         TAX     PTRATIO           B  \\\n",
       "count  506.000000  506.000000  506.000000  506.000000  506.000000  506.000000   \n",
       "mean    68.845850    3.795043    9.549407  408.237154   18.455534  356.674032   \n",
       "std     27.486962    2.105710    8.707259  168.537116    2.164946   91.294864   \n",
       "min      2.900000    1.129600    1.000000  187.000000   12.600000    0.320000   \n",
       "25%     45.925000    2.100175    4.000000  279.000000   17.400000  375.377500   \n",
       "50%     76.800000    3.207450    5.000000  330.000000   19.050000  391.440000   \n",
       "75%     93.575000    5.188425   24.000000  666.000000   20.200000  396.225000   \n",
       "max    100.000000   12.126500   24.000000  711.000000   22.000000  396.900000   \n",
       "\n",
       "            LSTAT        MEDV  \n",
       "count  506.000000  506.000000  \n",
       "mean    12.664625   22.532806  \n",
       "std      7.017219    9.197104  \n",
       "min      1.730000    5.000000  \n",
       "25%      7.230000   17.025000  \n",
       "50%     11.430000   21.200000  \n",
       "75%     16.570000   25.000000  \n",
       "max     37.970000   50.000000  "
      ]
     },
     "execution_count": 275,
     "metadata": {},
     "output_type": "execute_result"
    }
   ],
   "source": [
    "# Describe data here.\n",
    "df_housing_final.describe()"
   ]
  },
  {
   "cell_type": "code",
   "execution_count": 277,
   "id": "f5a3080b-3688-4fa5-bd81-55fc77e64c73",
   "metadata": {},
   "outputs": [
    {
     "name": "stdout",
     "output_type": "stream",
     "text": [
      "************CORRELATION MATRIX************\n",
      "\n"
     ]
    },
    {
     "data": {
      "text/html": [
       "<div>\n",
       "<style scoped>\n",
       "    .dataframe tbody tr th:only-of-type {\n",
       "        vertical-align: middle;\n",
       "    }\n",
       "\n",
       "    .dataframe tbody tr th {\n",
       "        vertical-align: top;\n",
       "    }\n",
       "\n",
       "    .dataframe thead th {\n",
       "        text-align: right;\n",
       "    }\n",
       "</style>\n",
       "<table border=\"1\" class=\"dataframe\">\n",
       "  <thead>\n",
       "    <tr style=\"text-align: right;\">\n",
       "      <th></th>\n",
       "      <th>CRIM</th>\n",
       "      <th>ZN</th>\n",
       "      <th>INDUS</th>\n",
       "      <th>CHAS</th>\n",
       "      <th>NOX</th>\n",
       "      <th>RM</th>\n",
       "      <th>AGE</th>\n",
       "      <th>DIS</th>\n",
       "      <th>RAD</th>\n",
       "      <th>TAX</th>\n",
       "      <th>PTRATIO</th>\n",
       "      <th>B</th>\n",
       "      <th>LSTAT</th>\n",
       "      <th>MEDV</th>\n",
       "    </tr>\n",
       "  </thead>\n",
       "  <tbody>\n",
       "    <tr>\n",
       "      <th>CRIM</th>\n",
       "      <td>1.000000</td>\n",
       "      <td>-0.185359</td>\n",
       "      <td>0.392632</td>\n",
       "      <td>-0.055585</td>\n",
       "      <td>0.410971</td>\n",
       "      <td>-0.220045</td>\n",
       "      <td>0.343427</td>\n",
       "      <td>-0.366025</td>\n",
       "      <td>0.601224</td>\n",
       "      <td>0.560469</td>\n",
       "      <td>0.277964</td>\n",
       "      <td>-0.365336</td>\n",
       "      <td>0.437417</td>\n",
       "      <td>-0.383895</td>\n",
       "    </tr>\n",
       "    <tr>\n",
       "      <th>ZN</th>\n",
       "      <td>-0.185359</td>\n",
       "      <td>1.000000</td>\n",
       "      <td>-0.507304</td>\n",
       "      <td>-0.032992</td>\n",
       "      <td>-0.498619</td>\n",
       "      <td>0.312295</td>\n",
       "      <td>-0.535341</td>\n",
       "      <td>0.632428</td>\n",
       "      <td>-0.300061</td>\n",
       "      <td>-0.304385</td>\n",
       "      <td>-0.394622</td>\n",
       "      <td>0.170125</td>\n",
       "      <td>-0.398838</td>\n",
       "      <td>0.362292</td>\n",
       "    </tr>\n",
       "    <tr>\n",
       "      <th>INDUS</th>\n",
       "      <td>0.392632</td>\n",
       "      <td>-0.507304</td>\n",
       "      <td>1.000000</td>\n",
       "      <td>0.054693</td>\n",
       "      <td>0.738387</td>\n",
       "      <td>-0.377978</td>\n",
       "      <td>0.614248</td>\n",
       "      <td>-0.698621</td>\n",
       "      <td>0.592735</td>\n",
       "      <td>0.716267</td>\n",
       "      <td>0.385366</td>\n",
       "      <td>-0.354840</td>\n",
       "      <td>0.564508</td>\n",
       "      <td>-0.476394</td>\n",
       "    </tr>\n",
       "    <tr>\n",
       "      <th>CHAS</th>\n",
       "      <td>-0.055585</td>\n",
       "      <td>-0.032992</td>\n",
       "      <td>0.054693</td>\n",
       "      <td>1.000000</td>\n",
       "      <td>0.070867</td>\n",
       "      <td>0.106797</td>\n",
       "      <td>0.074984</td>\n",
       "      <td>-0.092318</td>\n",
       "      <td>-0.003339</td>\n",
       "      <td>-0.035822</td>\n",
       "      <td>-0.109451</td>\n",
       "      <td>0.050608</td>\n",
       "      <td>-0.047279</td>\n",
       "      <td>0.183844</td>\n",
       "    </tr>\n",
       "    <tr>\n",
       "      <th>NOX</th>\n",
       "      <td>0.410971</td>\n",
       "      <td>-0.498619</td>\n",
       "      <td>0.738387</td>\n",
       "      <td>0.070867</td>\n",
       "      <td>1.000000</td>\n",
       "      <td>-0.302188</td>\n",
       "      <td>0.711864</td>\n",
       "      <td>-0.769230</td>\n",
       "      <td>0.611441</td>\n",
       "      <td>0.668023</td>\n",
       "      <td>0.188933</td>\n",
       "      <td>-0.380051</td>\n",
       "      <td>0.573040</td>\n",
       "      <td>-0.427321</td>\n",
       "    </tr>\n",
       "    <tr>\n",
       "      <th>RM</th>\n",
       "      <td>-0.220045</td>\n",
       "      <td>0.312295</td>\n",
       "      <td>-0.377978</td>\n",
       "      <td>0.106797</td>\n",
       "      <td>-0.302188</td>\n",
       "      <td>1.000000</td>\n",
       "      <td>-0.239518</td>\n",
       "      <td>0.205246</td>\n",
       "      <td>-0.209847</td>\n",
       "      <td>-0.292048</td>\n",
       "      <td>-0.355501</td>\n",
       "      <td>0.128069</td>\n",
       "      <td>-0.604323</td>\n",
       "      <td>0.695360</td>\n",
       "    </tr>\n",
       "    <tr>\n",
       "      <th>AGE</th>\n",
       "      <td>0.343427</td>\n",
       "      <td>-0.535341</td>\n",
       "      <td>0.614248</td>\n",
       "      <td>0.074984</td>\n",
       "      <td>0.711864</td>\n",
       "      <td>-0.239518</td>\n",
       "      <td>1.000000</td>\n",
       "      <td>-0.724354</td>\n",
       "      <td>0.447088</td>\n",
       "      <td>0.498408</td>\n",
       "      <td>0.261826</td>\n",
       "      <td>-0.268029</td>\n",
       "      <td>0.575022</td>\n",
       "      <td>-0.377572</td>\n",
       "    </tr>\n",
       "    <tr>\n",
       "      <th>DIS</th>\n",
       "      <td>-0.366025</td>\n",
       "      <td>0.632428</td>\n",
       "      <td>-0.698621</td>\n",
       "      <td>-0.092318</td>\n",
       "      <td>-0.769230</td>\n",
       "      <td>0.205246</td>\n",
       "      <td>-0.724354</td>\n",
       "      <td>1.000000</td>\n",
       "      <td>-0.494588</td>\n",
       "      <td>-0.534432</td>\n",
       "      <td>-0.232471</td>\n",
       "      <td>0.291512</td>\n",
       "      <td>-0.483244</td>\n",
       "      <td>0.249929</td>\n",
       "    </tr>\n",
       "    <tr>\n",
       "      <th>RAD</th>\n",
       "      <td>0.601224</td>\n",
       "      <td>-0.300061</td>\n",
       "      <td>0.592735</td>\n",
       "      <td>-0.003339</td>\n",
       "      <td>0.611441</td>\n",
       "      <td>-0.209847</td>\n",
       "      <td>0.447088</td>\n",
       "      <td>-0.494588</td>\n",
       "      <td>1.000000</td>\n",
       "      <td>0.910228</td>\n",
       "      <td>0.464741</td>\n",
       "      <td>-0.444413</td>\n",
       "      <td>0.467765</td>\n",
       "      <td>-0.381626</td>\n",
       "    </tr>\n",
       "    <tr>\n",
       "      <th>TAX</th>\n",
       "      <td>0.560469</td>\n",
       "      <td>-0.304385</td>\n",
       "      <td>0.716267</td>\n",
       "      <td>-0.035822</td>\n",
       "      <td>0.668023</td>\n",
       "      <td>-0.292048</td>\n",
       "      <td>0.498408</td>\n",
       "      <td>-0.534432</td>\n",
       "      <td>0.910228</td>\n",
       "      <td>1.000000</td>\n",
       "      <td>0.460853</td>\n",
       "      <td>-0.441808</td>\n",
       "      <td>0.524156</td>\n",
       "      <td>-0.468536</td>\n",
       "    </tr>\n",
       "    <tr>\n",
       "      <th>PTRATIO</th>\n",
       "      <td>0.277964</td>\n",
       "      <td>-0.394622</td>\n",
       "      <td>0.385366</td>\n",
       "      <td>-0.109451</td>\n",
       "      <td>0.188933</td>\n",
       "      <td>-0.355501</td>\n",
       "      <td>0.261826</td>\n",
       "      <td>-0.232471</td>\n",
       "      <td>0.464741</td>\n",
       "      <td>0.460853</td>\n",
       "      <td>1.000000</td>\n",
       "      <td>-0.177383</td>\n",
       "      <td>0.370727</td>\n",
       "      <td>-0.507787</td>\n",
       "    </tr>\n",
       "    <tr>\n",
       "      <th>B</th>\n",
       "      <td>-0.365336</td>\n",
       "      <td>0.170125</td>\n",
       "      <td>-0.354840</td>\n",
       "      <td>0.050608</td>\n",
       "      <td>-0.380051</td>\n",
       "      <td>0.128069</td>\n",
       "      <td>-0.268029</td>\n",
       "      <td>0.291512</td>\n",
       "      <td>-0.444413</td>\n",
       "      <td>-0.441808</td>\n",
       "      <td>-0.177383</td>\n",
       "      <td>1.000000</td>\n",
       "      <td>-0.370993</td>\n",
       "      <td>0.333461</td>\n",
       "    </tr>\n",
       "    <tr>\n",
       "      <th>LSTAT</th>\n",
       "      <td>0.437417</td>\n",
       "      <td>-0.398838</td>\n",
       "      <td>0.564508</td>\n",
       "      <td>-0.047279</td>\n",
       "      <td>0.573040</td>\n",
       "      <td>-0.604323</td>\n",
       "      <td>0.575022</td>\n",
       "      <td>-0.483244</td>\n",
       "      <td>0.467765</td>\n",
       "      <td>0.524156</td>\n",
       "      <td>0.370727</td>\n",
       "      <td>-0.370993</td>\n",
       "      <td>1.000000</td>\n",
       "      <td>-0.723093</td>\n",
       "    </tr>\n",
       "    <tr>\n",
       "      <th>MEDV</th>\n",
       "      <td>-0.383895</td>\n",
       "      <td>0.362292</td>\n",
       "      <td>-0.476394</td>\n",
       "      <td>0.183844</td>\n",
       "      <td>-0.427321</td>\n",
       "      <td>0.695360</td>\n",
       "      <td>-0.377572</td>\n",
       "      <td>0.249929</td>\n",
       "      <td>-0.381626</td>\n",
       "      <td>-0.468536</td>\n",
       "      <td>-0.507787</td>\n",
       "      <td>0.333461</td>\n",
       "      <td>-0.723093</td>\n",
       "      <td>1.000000</td>\n",
       "    </tr>\n",
       "  </tbody>\n",
       "</table>\n",
       "</div>"
      ],
      "text/plain": [
       "             CRIM        ZN     INDUS      CHAS       NOX        RM       AGE  \\\n",
       "CRIM     1.000000 -0.185359  0.392632 -0.055585  0.410971 -0.220045  0.343427   \n",
       "ZN      -0.185359  1.000000 -0.507304 -0.032992 -0.498619  0.312295 -0.535341   \n",
       "INDUS    0.392632 -0.507304  1.000000  0.054693  0.738387 -0.377978  0.614248   \n",
       "CHAS    -0.055585 -0.032992  0.054693  1.000000  0.070867  0.106797  0.074984   \n",
       "NOX      0.410971 -0.498619  0.738387  0.070867  1.000000 -0.302188  0.711864   \n",
       "RM      -0.220045  0.312295 -0.377978  0.106797 -0.302188  1.000000 -0.239518   \n",
       "AGE      0.343427 -0.535341  0.614248  0.074984  0.711864 -0.239518  1.000000   \n",
       "DIS     -0.366025  0.632428 -0.698621 -0.092318 -0.769230  0.205246 -0.724354   \n",
       "RAD      0.601224 -0.300061  0.592735 -0.003339  0.611441 -0.209847  0.447088   \n",
       "TAX      0.560469 -0.304385  0.716267 -0.035822  0.668023 -0.292048  0.498408   \n",
       "PTRATIO  0.277964 -0.394622  0.385366 -0.109451  0.188933 -0.355501  0.261826   \n",
       "B       -0.365336  0.170125 -0.354840  0.050608 -0.380051  0.128069 -0.268029   \n",
       "LSTAT    0.437417 -0.398838  0.564508 -0.047279  0.573040 -0.604323  0.575022   \n",
       "MEDV    -0.383895  0.362292 -0.476394  0.183844 -0.427321  0.695360 -0.377572   \n",
       "\n",
       "              DIS       RAD       TAX   PTRATIO         B     LSTAT      MEDV  \n",
       "CRIM    -0.366025  0.601224  0.560469  0.277964 -0.365336  0.437417 -0.383895  \n",
       "ZN       0.632428 -0.300061 -0.304385 -0.394622  0.170125 -0.398838  0.362292  \n",
       "INDUS   -0.698621  0.592735  0.716267  0.385366 -0.354840  0.564508 -0.476394  \n",
       "CHAS    -0.092318 -0.003339 -0.035822 -0.109451  0.050608 -0.047279  0.183844  \n",
       "NOX     -0.769230  0.611441  0.668023  0.188933 -0.380051  0.573040 -0.427321  \n",
       "RM       0.205246 -0.209847 -0.292048 -0.355501  0.128069 -0.604323  0.695360  \n",
       "AGE     -0.724354  0.447088  0.498408  0.261826 -0.268029  0.575022 -0.377572  \n",
       "DIS      1.000000 -0.494588 -0.534432 -0.232471  0.291512 -0.483244  0.249929  \n",
       "RAD     -0.494588  1.000000  0.910228  0.464741 -0.444413  0.467765 -0.381626  \n",
       "TAX     -0.534432  0.910228  1.000000  0.460853 -0.441808  0.524156 -0.468536  \n",
       "PTRATIO -0.232471  0.464741  0.460853  1.000000 -0.177383  0.370727 -0.507787  \n",
       "B        0.291512 -0.444413 -0.441808 -0.177383  1.000000 -0.370993  0.333461  \n",
       "LSTAT   -0.483244  0.467765  0.524156  0.370727 -0.370993  1.000000 -0.723093  \n",
       "MEDV     0.249929 -0.381626 -0.468536 -0.507787  0.333461 -0.723093  1.000000  "
      ]
     },
     "execution_count": 277,
     "metadata": {},
     "output_type": "execute_result"
    }
   ],
   "source": [
    "#Build the correlation matrix\n",
    "print(\"************CORRELATION MATRIX************\\n\")\n",
    "df_housing_final.corr(numeric_only=True)"
   ]
  },
  {
   "cell_type": "code",
   "execution_count": 315,
   "id": "61abbc03-5489-4e46-8deb-572cc07cfce2",
   "metadata": {},
   "outputs": [
    {
     "data": {
